Mcoeff =

   -0.1327


Hcoeff =

    0.7958