Mcoeff =

   -0.2315


Hcoeff =

    0.0308


MPcoeff =

    0.1174


HPcoeff =

    0.3770