Mcoeff =

   -0.1754


Hcoeff =

    0.7291


MPcoeff =

    0.3238


HPcoeff =

    0.4351