Mcoeff =

   -0.4453


Hcoeff =

   -0.0053


MPcoeff =

    0.0305


HPcoeff =

    0.3659