Mcoeff =

   -0.5782


Hcoeff =

    0.8142


MPcoeff =

    0.2883


HPcoeff =

    0.5537