
Mcoeff =

   -0.4227


Hcoeff =

    0.6024


MPcoeff =

    0.4077


HPcoeff =

    0.6507